0
1
2
4
5
7
8
9
10
12
13
14
16
18
19
20
22
23
24
26
27
28
29
30
31
33
35
36
37
39
41
42
43
44
46
48
49
50
51
53
54
55
56
57
58
59
60
61
62
63
64
65
66
67
69
70
71
72
73
74
75
76
77
78
79
80
82
83
84
85
87
88
89
90
91
92
94
95
96
98
99
100
101
102
103
104
105
106
0
1
0
1
2
4
5
7
8
9
10
12
13
14
16
18
19
20
22
23
24
26
27
28
29
30
31
33
35
36
37
39
41
42
43
44
46
48
49
0
1
2
4
5
7
8
9
10
12
13
14
16
18
19
20
22
23
24
26
27
28
29
30
31
33
35
36
37
39
41
42
43
44
46
48
49
50
51
53
54
0
1
2
4
5
7
8
9
10
12
13
14
16
18
19
20
22
23
24
26
27
28
29
30
31
33
35
36
37
39
41
42
43
44
46
48
49
50
51
53
54
0
0
1
2
4
5
7
8
9
10
12
13
14
16
18
19
20
22
23
24
26
27
28
29
30
31
33
35
36
37
39
41
42
43
44
46
48
49
50
51
53
54
55
56
57
58
59
60
61
62
63
64
65
66
67
68
69
70
71
72
73
74
75
76
77
80
81
82
83
84
85
86
87
88
89
90
91
92
93
95
96
97
98
99
103
105
106
0
1
2
4
5
7
8
9
10
12
13
14
16
18
19
20
22
23
24
26
27
28
29
30
31
33
35
36
37
39
41
42
43
44
46
48
49
50
51
53
55
56
57
59
60
61
62
63
64
65
66
67
69
71
72
73
74
75
76
77
78
79
80
81
82
83
84
85
87
88
89
90
91
92
93
95
96
98
99
100
101
102
104
