0
1
2
4
5
6
0
1
2
4
5
6
0
1
2
4
5
0
1
2
4
5
0
1
2
4
5
0
1
2
4
5
6
0
1
2
4
7
8
0
1
2
4
7
8
0
1
2
4
7
8
0
1
2
4
5
6
7
8
9
10
0
1
2
3
4
5
0
1
2
3
4
5
0
1
2
3
4
5
0
1
2
4
5
6
0
1
2
4
5
0
1
2
4
5
0
1
2
3
4
6
7
0
1
2
4
5
6
7
8
9
10
12
13
14
16
18
19
20
22
23
24
26
27
28
29
30
31
33
35
36
37
39
41
42
43
44
46
48
49
50
51
53
54
0
1
2
4
5
6
7
8
9
10
12
13
14
16
18
19
20
22
23
24
26
27
28
29
30
31
33
35
36
37
39
41
42
43
44
46
48
49
50
51
53
54
0
1
2
4
5
7
8
9
10
12
13
14
16
18
19
20
22
23
24
26
27
28
29
30
31
33
35
36
37
39
41
42
43
44
46
48
49
50
51
53
54
0
1
2
4
5
