com.crawljax.plugins.testsuiteextension.generated.photogallery_EP.GeneratedTestCase0
141
225
295
300
315
321
337
355
382
387
409
502
527
531
540
541
554
585
590
608
612
613
614
615
638
656
721
754
761
762
778
783
784
806
815
828
834
867
com.crawljax.plugins.testsuiteextension.generated.photogallery_EP.GeneratedTestCase1
141
225
267
273
283
293
310
317
329
330
337
338
343
347
351
356
387
437
530
561
573
588
589
603
604
608
620
621
625
647
679
691
692
697
732
740
752
753
766
773
778
786
787
791
805
809
816
825
830
com.crawljax.plugins.testsuiteextension.generated.photogallery_EP.GeneratedTestCase2
141
225
275
276
287
288
321
326
349
361
368
382
391
398
420
513
563
564
565
583
584
585
593
605
638
649
650
656
791
792
797
818
840
844
849
850
859
860
875
884
890
com.crawljax.plugins.testsuiteextension.generated.photogallery_EP.GeneratedTestCase3
141
225
283
287
305
306
311
316
324
340
347
359
360
378
385
414
419
441
534
563
585
609
627
643
651
652
662
679
688
697
698
827
828
833
850
854
863
864
878
879
886
891
896
917
918
com.crawljax.plugins.testsuiteextension.generated.photogallery_EP.GeneratedTestCase4
141
225
258
269
281
289
331
348
349
369
370
386
408
501
530
537
555
564
574
586
595
602
617
629
642
657
683
687
699
774
805
817
818
819
831
841
842
852
864
869
889
894
908
com.crawljax.plugins.testsuiteextension.generated.photogallery_EP.GeneratedTestCase5
141
225
263
279
303
318
329
347
364
371
377
394
422
428
440
462
555
585
590
591
600
601
606
607
639
647
652
653
688
745
784
827
842
852
857
871
879
892
893
911
919
930
931
932
938
com.crawljax.plugins.testsuiteextension.generated.photogallery_EP.GeneratedTestCase6
189
273
301
302
313
322
331
346
362
375
376
384
391
408
422
428
429
436
546
551
556
560
569
580
586
587
603
604
612
627
643
647
649
661
795
800
823
830
831
841
866
886
899
912
918
1060
1066
1080
1089
1128
1133
1153
1157
1161
1176
1180
1198
1216
1298
1330
1331
1332
1333
1334
1338
1339
1346
1352
1374
1375
1376
1377
1381
1404
1409
1431
1432
1605
1623
1624
1637
1667
1668
1673
1678
1686
1700
com.crawljax.plugins.testsuiteextension.generated.photogallery_EP.GeneratedTestCase7
189
273
301
302
335
373
388
435
579
580
603
610
620
636
648
649
653
667
668
685
695
840
845
872
897
910
920
926
927
933
951
955
959
965
1120
1125
1138
1170
1207
1233
1271
1353
1420
1436
1437
1450
1466
1467
1482
1483
1489
1501
1502
1509
1510
1651
1652
1660
1665
1674
1680
1688
1722
1726
1734
1735
1750
1751
com.crawljax.plugins.testsuiteextension.generated.photogallery_EP.GeneratedTestCase8
217
301
329
361
386
395
414
415
429
441
492
626
642
675
683
687
701
710
711
712
719
723
734
880
911
916
930
931
932
933
942
943
948
953
970
992
1134
1145
1168
1180
1188
1194
1195
1231
1232
1245
1264
1282
1364
1390
1391
1392
1409
1415
1430
1431
1443
1459
1470
1471
1476
1477
1481
1486
1487
1556
1593
1604
1608
1609
1610
1615
1641
1642
1650
1651
1656
1657
1681
1682
1686
1687
1692
1696
1697
com.crawljax.plugins.testsuiteextension.generated.photogallery_EP.GeneratedTestCase9
217
301
336
366
380
392
417
433
434
435
462
587
626
651
660
702
703
846
873
874
881
892
897
902
903
916
928
929
943
1091
1105
1123
1147
1152
1209
1224
1237
1251
1269
1351
1386
1400
1418
1423
1431
1474
1475
1476
1578
1615
1636
1637
1638
1643
1644
1656
1675
1676
1681
1690
1701
1711
1718
1727
1728
1729
1745
1746
1747
com.crawljax.plugins.testsuiteextension.generated.photogallery_EP.GeneratedTestCase10
127
211
242
254
262
295
308
315
316
320
324
331
361
369
374
503
518
534
549
560
574
575
588
595
599
603
610
632
636
637
641
650
com.crawljax.plugins.testsuiteextension.generated.photogallery_EP.GeneratedTestCase11
127
211
243
244
245
246
254
266
267
288
305
309
314
327
334
340
345
346
435
499
504
528
535
559
560
561
570
571
586
587
608
613
com.crawljax.plugins.testsuiteextension.generated.photogallery_EP.GeneratedTestCase12
141
225
264
275
297
298
318
333
345
373
378
379
383
404
533
534
535
568
601
602
603
623
648
782
783
788
805
810
819
825
830
835
857
858
865
866
877
889
907
com.crawljax.plugins.testsuiteextension.generated.photogallery_EP.GeneratedTestCase13
141
225
261
263
313
345
382
389
530
535
542
560
585
589
603
623
631
637
641
642
654
659
794
799
805
812
823
824
828
840
841
842
852
861
862
918
com.crawljax.plugins.testsuiteextension.generated.photogallery_EP.GeneratedTestCase14
141
225
264
269
273
290
298
316
328
333
343
344
370
371
410
415
540
541
542
549
554
558
577
585
590
595
599
618
626
648
649
650
662
819
833
838
847
863
873
898
920
939
954
com.crawljax.plugins.testsuiteextension.generated.photogallery_EP.GeneratedTestCase15
141
225
257
277
293
294
304
316
329
355
360
395
545
557
569
591
592
621
631
638
639
672
673
824
871
875
897
901
913
914
923
933
934
com.crawljax.plugins.testsuiteextension.generated.photogallery_EP.GeneratedTestCase16
169
253
290
295
305
314
315
323
343
347
352
360
361
367
371
372
395
400
532
552
553
559
583
600
601
605
606
615
616
625
663
681
756
789
790
851
862
868
875
888
889
902
911
912
917
918
936
1011
1044
1045
1050
1059
1083
1084
1094
1108
1119
1145
1157
1158
1162
1163
1298
1307
1314
1322
1342
1343
1344
1350
1359
1360
1391
com.crawljax.plugins.testsuiteextension.generated.photogallery_EP.GeneratedTestCase17
183
267
317
330
374
379
392
393
394
421
426
438
439
518
568
605
606
621
629
630
640
645
649
654
677
700
727
802
838
858
889
908
915
923
934
935
944
977
1006
1081
1127
1128
1137
1152
1174
1230
1236
1245
1246
1252
1371
1383
1387
1400
1417
1430
1435
1454
1462
1472
1477
1482
1502
1509
1666
1676
1686
1708
1723
1728
1736
1740
1746
1758
1763
1782
1790
com.crawljax.plugins.testsuiteextension.generated.photogallery_EP.GeneratedTestCase18
169
253
285
298
299
312
313
336
343
380
402
415
504
601
619
626
631
649
657
717
792
830
852
861
901
913
914
925
930
964
965
977
997
1032
1107
1166
1170
1182
1186
1194
1212
1222
1239
1240
1409
1437
1441
1449
1480
1495
1496
1497
1527
com.crawljax.plugins.testsuiteextension.generated.photogallery_EP.GeneratedTestCase19
169
253
287
299
300
305
360
361
376
380
399
414
427
549
562
563
580
585
603
607
608
614
642
648
663
675
709
784
832
833
834
841
846
856
857
879
895
896
902
914
925
933
959
1034
1067
1072
1102
1129
1134
1140
1141
1165
1171
1180
1181
1203
1210
1353
1354
1383
1399
1400
1409
1424
1464
1465
1474
1486
1495
com.crawljax.plugins.testsuiteextension.generated.photogallery_EP.GeneratedTestCase20
169
253
281
293
298
323
328
348
366
393
397
417
423
502
549
554
559
569
573
574
579
588
592
602
624
641
642
657
690
765
812
821
822
826
864
884
896
901
909
918
952
1027
1068
1099
1109
1115
1141
1142
1143
1151
1158
1163
1168
1174
1182
1191
1342
1371
1381
1387
1395
1396
1397
1398
1407
1422
1435
1450
1451
1452
com.crawljax.plugins.testsuiteextension.generated.photogallery_EP.GeneratedTestCase21
183
267
316
333
380
381
391
392
398
413
418
423
429
508
555
562
567
576
588
617
632
653
662
667
679
688
694
717
792
830
831
843
856
864
872
873
883
911
912
920
924
932
933
951
1026
1066
1074
1085
1114
1123
1133
1141
1142
1150
1155
1169
1183
1184
1298
1326
1327
1331
1351
1359
1372
1380
1381
1408
1409
1422
1444
1452
1459
1493
1518
1523
1540
1557
1565
1566
1583
1591
1598
1604
1611
1630
1631
1632
1642
1655
1660
com.crawljax.plugins.testsuiteextension.generated.photogallery_EP.GeneratedTestCase22
183
267
300
313
348
349
365
371
377
385
386
408
421
440
562
568
592
603
619
635
636
646
654
669
687
688
693
720
795
832
837
843
848
852
853
861
862
863
871
882
905
944
951
956
974
1049
1088
1103
1108
1117
1118
1119
1124
1129
1145
1150
1158
1165
1169
1199
1214
1329
1345
1374
1378
1387
1392
1397
1402
1406
1416
1425
1442
1443
1445
1457
1526
1531
1569
1583
1584
1599
1609
1619
1620
1632
1645
1662
1675
1686
1690
com.crawljax.plugins.testsuiteextension.generated.photogallery_EP.GeneratedTestCase23
183
267
328
342
352
361
365
382
405
429
523
590
591
601
606
619
620
621
628
648
662
676
685
690
694
695
699
719
737
812
867
874
878
883
911
925
937
942
943
947
952
962
987
1062
1107
1126
1127
1133
1141
1156
1163
1173
1186
1187
1200
1325
1335
1344
1345
1346
1351
1355
1359
1364
1390
1420
1434
1460
1567
1574
1579
1585
1598
1623
1635
1636
1647
1652
1653
1671
1676
1677
1689
com.crawljax.plugins.testsuiteextension.generated.photogallery_EP.GeneratedTestCase24
183
267
295
300
305
317
344
356
385
390
391
405
406
418
419
433
445
593
601
624
628
636
647
663
670
675
683
684
685
686
687
719
720
725
743
818
860
866
872
892
893
926
927
928
960
964
965
971
976
999
1074
1138
1162
1181
1186
1191
1206
1218
1219
1256
1257
1364
1365
1380
1381
1382
1417
1434
1438
1454
1459
1466
1476
1485
1500
1507
1548
1571
1598
1606
1610
1616
1617
1624
1634
1647
1652
1657
1670
1679
1687
1697
1698
1705
1710
1715
1725
1726
1748
com.crawljax.plugins.testsuiteextension.generated.photogallery_EP.GeneratedTestCase25
169
253
298
314
324
325
326
350
359
360
364
376
381
394
400
406
528
529
553
573
582
595
607
631
632
633
661
662
680
755
794
804
809
817
843
853
878
885
902
906
944
1019
1052
1057
1062
1073
1074
1116
1132
1171
1196
1197
1353
1362
1393
1398
1403
1416
1417
1437
1447
1452
1460
1465
com.crawljax.plugins.testsuiteextension.generated.photogallery_EP.GeneratedTestCase26
169
253
285
286
304
308
317
322
323
331
345
355
366
373
379
380
396
403
407
412
548
574
627
651
673
680
705
780
826
845
850
877
878
891
915
951
952
957
962
980
1055
1088
1095
1157
1158
1163
1181
1187
1201
1214
1222
1325
1347
1351
1361
1369
1378
1379
1399
1405
1412
1442
1443
com.crawljax.plugins.testsuiteextension.generated.photogallery_EP.GeneratedTestCase27
169
253
302
308
322
323
334
353
365
378
400
424
430
560
572
573
578
586
593
598
603
604
613
623
627
631
633
634
649
671
700
775
840
855
856
857
872
879
908
913
925
931
961
1036
1082
1083
1103
1111
1116
1131
1163
1171
1185
1186
1193
1227
1232
1376
1381
1393
1394
1402
1403
1421
1431
1437
1443
1462
1472
1477
1515
1525
com.crawljax.plugins.testsuiteextension.generated.photogallery_EP.GeneratedTestCase28
155
239
271
293
331
340
355
371
372
373
412
413
545
550
560
569
582
586
591
592
600
605
650
657
686
761
798
799
833
840
849
857
858
863
867
869
870
1023
1024
1029
1043
1044
1069
1093
1116
1117
1132
1137
com.crawljax.plugins.testsuiteextension.generated.photogallery_EP.GeneratedTestCase29
155
239
267
279
286
317
322
334
351
385
386
412
426
560
561
585
595
599
605
606
612
620
631
651
656
664
682
757
799
824
828
844
849
894
943
948
962
1093
1137
1158
1164
1179
1205
1209
com.crawljax.plugins.testsuiteextension.generated.photogallery_EP.GeneratedTestCase30
155
239
267
279
283
298
307
308
315
366
381
398
402
421
572
573
583
602
606
607
608
620
643
659
663
667
673
696
771
809
821
834
849
863
884
891
892
893
902
915
919
920
931
936
943
944
945
1099
1103
1104
1105
1106
1107
1142
1164
1171
1175
1193
1214
1219
com.crawljax.plugins.testsuiteextension.generated.photogallery_EP.GeneratedTestCase31
155
239
278
279
292
305
324
328
352
357
372
382
392
401
552
561
565
574
596
619
628
642
662
674
679
697
772
805
810
820
848
865
882
892
905
912
925
937
1124
1143
1167
1191
1195
1222
1223
1230
1231
com.crawljax.plugins.testsuiteextension.generated.photogallery_EP.GeneratedTestCase32
127
211
257
258
279
318
319
324
328
329
361
381
396
412
418
546
553
571
575
597
606
623
639
640
641
649
668
com.crawljax.plugins.testsuiteextension.generated.photogallery_EP.GeneratedTestCase33
141
225
258
263
264
265
273
288
293
295
329
353
366
367
390
456
489
498
505
514
515
526
530
544
552
559
566
574
598
605
611
616
625
632
637
638
647
652
659
664
665
671
678
685
686
687
692
699
709
715
720
721
727
com.crawljax.plugins.testsuiteextension.generated.photogallery_EP.GeneratedTestCase34
155
239
277
282
291
309
317
342
365
372
373
385
395
403
449
515
520
531
532
556
564
571
582
688
766
782
816
839
854
871
884
896
907
920
921
1036
1041
1085
1116
1138
1139
1169
1174
1188
1192
1193
1202
1206
com.crawljax.plugins.testsuiteextension.generated.photogallery_EP.GeneratedTestCase35
169
253
292
297
298
302
310
315
321
329
344
363
372
373
377
389
395
418
484
493
502
507
516
522
524
536
570
571
585
589
601
626
637
643
710
715
721
739
749
782
787
801
806
813
823
827
832
844
848
857
858
870
882
916
941
946
952
974
979
990
999
1003
1004
1009
1013
1014
1018
1023
1055
1060
1070
1084
1094
1101
1186
1278
1283
1293
1298
1307
1311
1327
1328
1329
1330
1340
1345
1370
com.crawljax.plugins.testsuiteextension.generated.photogallery_EP.GeneratedTestCase36
169
253
298
299
308
315
316
317
325
330
331
370
408
409
432
498
507
524
535
542
543
560
571
576
584
592
593
608
609
615
619
625
636
642
665
709
714
720
757
765
776
785
793
809
813
819
840
847
851
852
867
871
883
911
917
942
947
953
969
975
987
988
995
1002
1006
1012
1018
1032
1087
1092
1105
1110
1126
1160
1204
1209
1229
1243
1253
1269
1294
1295
1296
1316
1333
1334
1350
1354
1359
1396
com.crawljax.plugins.testsuiteextension.generated.photogallery_EP.GeneratedTestCase37
127
211
275
276
281
282
287
304
305
319
348
349
490
508
509
518
529
538
570
581
601
605
610
com.crawljax.plugins.testsuiteextension.generated.photogallery_EP.GeneratedTestCase38
143
227
260
261
268
269
303
315
326
331
377
385
395
506
507
509
510
526
547
548
553
558
577
584
585
598
610
776
782
791
792
809
836
854
870
888
896
903
com.crawljax.plugins.testsuiteextension.generated.photogallery_EP.GeneratedTestCase39
127
211
239
244
258
265
266
267
272
294
304
311
326
355
536
545
550
551
556
568
598
617
622
634
640
644
649
com.crawljax.plugins.testsuiteextension.generated.photogallery_EP.GeneratedTestCase40
189
273
307
314
322
331
342
347
360
365
366
367
371
386
427
454
571
575
591
592
600
625
642
643
644
649
653
667
819
837
849
850
888
897
911
920
924
962
1073
1083
1087
1099
1100
1123
1135
1146
1171
1226
1306
1348
1367
1368
1392
1401
1402
1424
1425
1441
1467
1602
1603
1608
1609
1613
1618
1627
1628
1640
1657
1658
1698
1707
1708
1718
com.crawljax.plugins.testsuiteextension.generated.photogallery_EP.GeneratedTestCase41
157
241
279
317
332
348
361
379
400
412
424
429
541
542
546
564
565
572
577
590
603
614
615
616
630
641
645
646
791
792
798
799
811
828
829
838
847
853
874
881
887
892
902
1076
1081
1101
1140
1157
1162
1188
1202
1218
1229
1234
com.crawljax.plugins.testsuiteextension.generated.photogallery_EP.GeneratedTestCase42
155
239
267
272
289
290
310
329
367
376
381
400
410
415
530
580
593
617
627
632
652
653
658
662
663
701
707
713
722
747
761
770
795
809
818
824
828
845
846
852
858
862
866
867
868
869
876
880
894
899
907
908
909
910
923
com.crawljax.plugins.testsuiteextension.generated.photogallery_EP.GeneratedTestCase43
155
239
267
298
341
342
346
347
348
364
388
502
510
529
546
547
554
555
619
624
629
635
652
658
664
673
698
712
721
746
760
782
783
787
793
799
803
807
817
823
828
832
848
859
865
885
890
896
com.crawljax.plugins.testsuiteextension.generated.photogallery_EP.GeneratedTestCase44
185
269
334
341
360
380
406
422
430
452
453
457
483
607
616
634
635
651
656
676
682
709
729
733
743
879
880
893
958
996
1002
1009
1010
1011
1012
1013
1160
1216
1220
1221
1229
1241
1246
1247
1256
1265
1274
1426
1436
1455
1460
1469
1499
1515
1528
1529
1689
1701
1707
1721
1747
1755
1785
com.crawljax.plugins.testsuiteextension.generated.photogallery_EP.GeneratedTestCase45
127
211
243
244
285
292
301
302
315
334
338
339
359
381
521
531
559
568
574
575
583
597
612
613
618
619
624
com.crawljax.plugins.testsuiteextension.generated.photogallery_EP.GeneratedTestCase46
157
241
288
293
297
306
321
332
380
392
397
402
518
523
539
584
588
589
598
606
641
649
658
807
813
819
823
831
839
845
851
855
867
868
874
883
892
908
1132
1144
1153
1154
1155
1156
1197
1198
1199
1209
1210
1241
1242
1255
1263
1264
com.crawljax.plugins.testsuiteextension.generated.photogallery_EP.GeneratedTestCase47
127
211
288
296
322
331
353
374
495
496
526
531
546
554
558
580
595
596
597
607
com.crawljax.plugins.testsuiteextension.generated.photogallery_EP.GeneratedTestCase48
127
211
239
246
252
301
307
308
379
384
385
457
539
540
544
549
555
563
578
587
592
600
628
636
650
com.crawljax.plugins.testsuiteextension.generated.photogallery_EP.GeneratedTestCase49
127
211
247
275
283
300
319
340
344
345
357
384
398
526
531
563
564
592
602
630
649
671
679
694
710